round,weighted_error,alpha,acc_on_training_data,f1_on_training_data,val_acc_history,val_f1_history,unweighted_error,noisy_weight,clean_weight
1,0.7713749999999999,0.49056652370300946,0.09928571428571428,0.01806367771280052,0.09592857142857143,0.01750635468943492,0.771375,,
2,0.7336087107910154,0.5921075111990356,0.228625,0.10551315715963291,0.22635714285714287,0.10438421704334326,0.7493571428571428,,
3,0.8094570077388499,0.3753693827718675,0.25064285714285717,0.15931769821002467,0.2552142857142857,0.16142107555808552,0.8470178571428572,,
4,0.7833929758250757,0.4558374428508011,0.25064285714285717,0.15931769821002467,0.2552142857142857,0.16142107555808552,0.763375,,
5,0.7974426682666272,0.4134188003644921,0.3150178571428571,0.21322758607133835,0.3157857142857143,0.21466643456889117,0.7925178571428572,,
6,0.7775873577482362,0.4727814938900079,0.30126785714285714,0.21503715681309793,0.30192857142857144,0.2160327652673419,0.7513035714285714,,
7,0.8162044414454631,0.3531918789192069,0.2825535714285714,0.22635717705422498,0.2812857142857143,0.22664905265115678,0.8382678571428571,,
8,0.8168894476609536,0.3509054440973296,0.30907142857142855,0.25301372322431626,0.30964285714285716,0.2543920112044298,0.8233035714285715,,
9,0.8345002308962151,0.28968067860956215,0.31094642857142857,0.270646683896549,0.31292857142857144,0.27278098475724655,0.8603928571428572,,
10,0.8081343285072201,0.3796458920063487,0.31385714285714283,0.2819418404271378,0.3157142857142857,0.28259931857239046,0.8189107142857143,,
11,0.8324294326108628,0.2971403425483621,0.33475,0.29513874869018375,0.33735714285714286,0.29717437788945367,0.821375,,
12,0.8149217270007034,0.35745567104443643,0.3391071428571429,0.3100492402346051,0.34214285714285714,0.31249617314319716,0.8266785714285714,,
13,0.8325594383619659,0.2966741964975208,0.34116071428571426,0.3187527731913719,0.345,0.3219272737049709,0.8117857142857143,,
14,0.8248405792204511,0.3238654910513826,0.3404107142857143,0.3188429725398503,0.34385714285714286,0.3213458259559554,0.8191071428571428,,
15,0.82209526929241,0.33330823793990993,0.3494642857142857,0.32399447403124054,0.3525,0.32604613736923527,0.7841785714285714,,
16,0.8054900136767786,0.38812863888533644,0.35676785714285714,0.3310882523396068,0.3623571428571429,0.3360305574130743,0.7821964285714286,,
17,0.804687626427444,0.3906853047761788,0.35876785714285714,0.3291554639664287,0.3647142857142857,0.3341335322572994,0.8094464285714286,,
18,0.832050830033559,0.2984962092450457,0.3696785714285714,0.3400128112235928,0.37507142857142856,0.3442664810613746,0.8348035714285714,,
19,0.8259893486905805,0.3198796053545303,0.38051785714285713,0.34851015108475597,0.3866428571428571,0.3545385979904143,0.8310178571428571,,
20,0.8280587603167258,0.3126466237995923,0.3802142857142857,0.3530879200391442,0.3871428571428571,0.3586669467401509,0.8125357142857143,,
21,0.8382528901651694,0.2759694046306901,0.37691071428571427,0.3577657586692614,0.38521428571428573,0.3656212834372391,0.8344821428571428,,
22,0.825658151563836,0.32103088378862743,0.3804464285714286,0.35897428923947017,0.38707142857142857,0.3653602663144234,0.85625,,
23,0.8265978444957789,0.31775988901321905,0.3801607142857143,0.3637128961732049,0.38371428571428573,0.3665406810745178,0.7795892857142858,,
24,0.8324480406333354,0.29707363970932277,0.3784821428571429,0.3459382998619356,0.3787142857142857,0.3443498442739704,0.7791071428571429,,
25,0.8257242172081821,0.32080137005181786,0.39321428571428574,0.36363353278381877,0.3917857142857143,0.3613275206651203,0.7752678571428572,,
26,0.8486431720696558,0.23661295968139262,0.3962857142857143,0.3650454596339998,0.3947857142857143,0.3624573295953194,0.8415892857142857,,
27,0.8441367937125067,0.25394437890274957,0.3940714285714286,0.37132231066156957,0.39521428571428574,0.370850379772811,0.8403392857142857,,
28,0.8405102442151569,0.267597564715237,0.3973035714285714,0.3759958271600778,0.3984285714285714,0.3753380912502603,0.8521964285714285,,
29,0.828833881700407,0.30991968161472594,0.40116071428571426,0.3777500962742145,0.40014285714285713,0.37513567166076334,0.8069821428571429,,
30,0.8554091017314205,0.20977655241047033,0.4052142857142857,0.37572546554978664,0.4055714285714286,0.37515619346268136,0.8642857142857143,,
31,0.856541529802259,0.20518367998589804,0.40914285714285714,0.38464872776593956,0.41,0.3846356203056072,0.9010535714285715,,
32,0.8442586063656385,0.2534813113014547,0.4057857142857143,0.3823528920805264,0.4052857142857143,0.3806877126054484,0.805875,,
33,0.8414631268203987,0.2640347938394979,0.40483928571428573,0.3818416747830888,0.4024285714285714,0.3785725699472135,0.8309285714285715,,
34,0.8511007413172871,0.22698201844764698,0.40339285714285716,0.38157352833399183,0.4024285714285714,0.37926963173295564,0.8773392857142858,,
35,0.8359717436792988,0.28433423593550555,0.40566071428571426,0.38265987274878566,0.40435714285714286,0.38015047255811696,0.77775,,
36,0.8542218873626463,0.21455964262390448,0.4102857142857143,0.3848704152303794,0.4082857142857143,0.3822121743569745,0.8327678571428572,,
37,0.862131611775787,0.1820580790102171,0.40910714285714284,0.38532330582037366,0.40835714285714286,0.38325993516025136,0.8317321428571428,,
38,0.8584733469984375,0.19727850163684701,0.4045714285714286,0.3823410311931533,0.4039285714285714,0.3811056967710472,0.8769285714285714,,
39,0.8368585077997296,0.28109372127420607,0.40266071428571426,0.38021133880645047,0.40264285714285714,0.37981985007165836,0.7896785714285715,,
40,0.8614481549190919,0.18492714574415348,0.4052857142857143,0.38424768743203747,0.40764285714285714,0.3859431045001779,0.9086071428571428,,
41,0.8562046474678499,0.2065531407091954,0.405375,0.38603488698294003,0.4067142857142857,0.38650634311329135,0.8628392857142857,,
42,0.8561217105687988,0.20688987797864733,0.40569642857142857,0.3914843411780207,0.40464285714285714,0.3884711301847589,0.8275178571428572,,
43,0.8675889670630023,0.1587087427262246,0.41032142857142856,0.3937872515386268,0.4115714285714286,0.3938056968761936,0.8744285714285714,,
44,0.8481043114916478,0.2387074828617718,0.40864285714285714,0.39149188482524677,0.4115714285714286,0.39328108280973517,0.7942857142857143,,
45,0.8542739173357613,0.21435070104368414,0.41114285714285714,0.3961964443283542,0.4107142857142857,0.39449727456897044,0.8515714285714285,,
46,0.8524441953536721,0.221661635565374,0.406875,0.3930635223427707,0.40364285714285714,0.388700637784831,0.8311071428571428,,
47,0.8540263858456112,0.21534418382794818,0.4117321428571429,0.39719734750521285,0.40914285714285714,0.3929009693069601,0.8375535714285715,,
48,0.8408938945489427,0.26616520033706614,0.4114642857142857,0.39614067898277316,0.4099285714285714,0.39300419187689667,0.8025714285714286,,
49,0.8442658638378431,0.2534537128900135,0.4124107142857143,0.395656130776178,0.41314285714285715,0.3947199744138147,0.8879107142857143,,
50,0.8559430981067896,0.20761452556923676,0.4130892857142857,0.3972563564053887,0.4134285714285714,0.3958224709580197,0.9053571428571429,,
51,0.851477542424703,0.2254938139937609,0.4145714285714286,0.3967039026125484,0.41435714285714287,0.39476294119624733,0.8132321428571428,,
52,0.8585600161765523,0.19692173788818668,0.4157142857142857,0.39522637875560424,0.41435714285714287,0.3924341322109617,0.8725357142857143,,
53,0.8452834814023436,0.24957352771734953,0.41675,0.39968764049683575,0.41514285714285715,0.3972460514278726,0.8509107142857143,,
54,0.8528715231401272,0.21996092807882117,0.4200357142857143,0.4029192937717599,0.4164285714285714,0.39825042041618003,0.873375,,
55,0.8488153869533598,0.23594227765639286,0.41926785714285714,0.4019818367695714,0.41435714285714287,0.39617391057092716,0.8139821428571429,,
56,0.8622972289456521,0.181361041164257,0.4239107142857143,0.40482216756750244,0.41614285714285715,0.3959093748428371,0.8580892857142857,,
57,0.8699130370015493,0.1485172505529635,0.42551785714285717,0.40792149979828024,0.41942857142857143,0.40068637086026176,0.8956428571428572,,
58,0.8619210841087543,0.18294311830826393,0.42610714285714285,0.4109737349461652,0.4205,0.4042668445101629,0.8285178571428572,,
59,0.8620044126085336,0.18259294843601537,0.42648214285714287,0.4134035205452412,0.4190714285714286,0.40441547978684866,0.8742857142857143,,
60,0.8712659317187753,0.1425130598817409,0.4270535714285714,0.41372026286681934,0.42064285714285715,0.40595232783460267,0.803375,,
61,0.8623816496370506,0.18100546623073088,0.4270357142857143,0.4106190950658621,0.42064285714285715,0.40325250238560884,0.8714642857142857,,
62,0.8724997052831331,0.1369904685723582,0.42578571428571427,0.4087882923998614,0.41878571428571426,0.40112413986007595,0.8859464285714286,,
63,0.8596267763456198,0.19251551098504638,0.426875,0.41104774510895864,0.4205,0.4032227979621701,0.8853214285714286,,
64,0.8583314320520238,0.19786228448472987,0.42839285714285713,0.416422837046459,0.42378571428571427,0.41097863206010066,0.8283214285714285,,
65,0.8719996353099283,0.1392343423533151,0.4280892857142857,0.4129780506729511,0.4258571428571429,0.41023922819016667,0.8670535714285714,,
66,0.8680789430075599,0.1565728046198629,0.42692857142857144,0.4114007039291094,0.42278571428571426,0.40654310791648357,0.8816071428571428,,
67,0.8599771479099441,0.19106219957150172,0.42725,0.4138185825031136,0.4217142857142857,0.4077461210598402,0.8525714285714285,,
68,0.8688195931695339,0.15333130179781684,0.42760714285714285,0.4126137068963347,0.4235,0.40762593648801115,0.8607321428571428,,
69,0.8596828832852234,0.19228298847056613,0.4303214285714286,0.41495594888664156,0.42714285714285716,0.41136650194286134,0.871125,,
70,0.8571213396774134,0.2028204115243324,0.426125,0.40959883704304867,0.42314285714285715,0.406159837919376,0.9139285714285714,,
71,0.8420162172902191,0.26195884476067866,0.4256607142857143,0.40885210794026283,0.4233571428571429,0.4063074925027969,0.744625,,
72,0.8542582158678373,0.21441376139975965,0.43276785714285715,0.41279356334707656,0.43242857142857144,0.41212879964917953,0.805875,,
73,0.8573880982309066,0.20173043580767125,0.43789285714285714,0.4197974126707907,0.438,0.41876004435829106,0.8434285714285714,,
74,0.8629201479866544,0.1787330181901412,0.4376607142857143,0.42014090140242377,0.43557142857142855,0.41661977686764684,0.8681964285714285,,
75,0.8607222841462802,0.18796128547275548,0.43694642857142857,0.41952532621886257,0.434,0.4147995622747899,0.87375,,
76,0.8749911853859103,0.12569750830141957,0.4395,0.4231498521851578,0.4392857142857143,0.4215353014064712,0.8878214285714285,,
77,0.8806464185110678,0.09932936682830829,0.44,0.42447548550018316,0.44064285714285717,0.42372120048610595,0.9055714285714286,,
78,0.8782530284725979,0.110617362513869,0.4407142857142857,0.4254948302633529,0.44014285714285717,0.42349198206401545,0.8973035714285714,,
79,0.866828775028793,0.1620094086999766,0.4409642857142857,0.42604563389155625,0.44007142857142856,0.42385781446878595,0.8538214285714286,,
80,0.8735553806084853,0.1322287349491481,0.44275,0.42998667850033917,0.44085714285714284,0.4268991130270545,0.8435178571428571,,
81,0.8627815481717076,0.17931862191441095,0.44326785714285716,0.42986964099658326,0.43992857142857145,0.4253218905531274,0.827,,
82,0.8608915075282539,0.1872551192132027,0.4426607142857143,0.4271102830727247,0.4407142857142857,0.42414352585054693,0.812875,,
83,0.8547375060183952,0.21248628757972787,0.44208928571428574,0.4275688111804644,0.4422857142857143,0.4266473001398431,0.83825,,
84,0.8690760650175091,0.15220521490320305,0.4444642857142857,0.42829878690477174,0.4432142857142857,0.4256494010665592,0.9259464285714286,,
85,0.8480148137773544,0.2390547648275606,0.44523214285714285,0.42885603703105035,0.44421428571428573,0.42647394145304685,0.8429285714285715,,
86,0.8693420202990363,0.15103550868219762,0.44703571428571426,0.43119913604162685,0.44671428571428573,0.42908903245023194,0.8135178571428572,,
87,0.8623487793348514,0.18114393577493948,0.44751785714285713,0.4284220563528458,0.4461428571428571,0.4255561098256731,0.8411071428571428,,
88,0.8663243092361115,0.16419094807610035,0.4480892857142857,0.4281680668037621,0.44771428571428573,0.42620265642822375,0.8443571428571428,,
89,0.8535404513063651,0.21729045690211757,0.4513035714285714,0.43104772017909543,0.45185714285714285,0.429984548371839,0.8252678571428571,,
90,0.8759738812400858,0.12119024068273576,0.45126785714285716,0.43170181781160366,0.451,0.42989688881451504,0.9090535714285715,,
91,0.8747270710142191,0.12690372372075942,0.45101785714285714,0.43421969170020375,0.4512857142857143,0.4331752497148633,0.9013928571428571,,
92,0.8695111414230496,0.15029063912764196,0.44942857142857146,0.4339257698512494,0.45007142857142857,0.4331989908135525,0.892125,,
93,0.8697744578408984,0.14912926501485946,0.4488214285714286,0.4336889906692817,0.4507857142857143,0.43440526093584764,0.8964107142857143,,
94,0.8703322147141357,0.14666263218958675,0.45007142857142857,0.4340309056169912,0.4502857142857143,0.43271996155097225,0.8925535714285714,,
95,0.8754342540275852,0.12366909019596284,0.4522857142857143,0.43612542307494595,0.4512857142857143,0.4336477478440859,0.8959285714285714,,
96,0.8578261569970833,0.199936833960899,0.4504107142857143,0.43442567608206273,0.44985714285714284,0.4323155145071403,0.896125,,
97,0.859698322279664,0.1922189914026038,0.450125,0.4384891418377904,0.4496428571428571,0.43661292838122867,0.8199464285714285,,
98,0.8766321804829571,0.1181536875242909,0.45167857142857143,0.43811756630711624,0.45207142857142857,0.43689618780574824,0.8631785714285715,,
99,0.8721806382242303,0.138423026007519,0.45105357142857144,0.4371155071274916,0.4495,0.4338152692642643,0.8325535714285714,,
100,0.8704275424182847,0.14624015050255157,0.4531428571428571,0.4380476530729231,0.452,0.4349302160727027,0.85425,,
101,0.8706849593937538,0.1450979840727714,0.45426785714285717,0.43818132489201755,0.45307142857142857,0.4351906811632957,0.8683214285714286,,
102,0.8663076023238626,0.16426307714195565,0.4553214285714286,0.44116200950008455,0.4546428571428571,0.43886028883541506,0.8513571428571428,,
103,0.8739175410707454,0.13058734079035228,0.45473214285714286,0.43879028115916957,0.45357142857142857,0.4361266448792788,0.8792857142857143,,
104,0.8752066586132927,0.12471181891571759,0.4539107142857143,0.43776964315210354,0.4527857142857143,0.4351534409480367,0.8738214285714285,,
105,0.8735238390092545,0.13237149825488936,0.4550892857142857,0.4397566009720798,0.45435714285714285,0.4376944534765255,0.8897142857142857,,
106,0.8736706208313638,0.13170687660844793,0.453625,0.4387148062346207,0.4529285714285714,0.4365389760029218,0.9124107142857143,,
107,0.8778551385518588,0.11247535841854628,0.4533214285714286,0.43995869850764385,0.4524285714285714,0.4375536222423685,0.8388392857142857,,
108,0.8691564362467872,0.15185194468285135,0.45505357142857145,0.4411981966838785,0.455,0.43957363751882267,0.8519285714285715,,
109,0.8728748746848438,0.13530209993376197,0.4569107142857143,0.4427963268156872,0.4564285714285714,0.44064121443408977,0.8660357142857142,,
110,0.8702088957430794,0.14720877607554728,0.45732142857142855,0.44359417322731787,0.4555,0.4401927775353386,0.8802857142857143,,
111,0.8608765581146195,0.18731753184999467,0.45764285714285713,0.44464950940320175,0.4565,0.4420416919417371,0.8373928571428572,,
112,0.8674377502321104,0.15936658520835567,0.457875,0.4427185526396641,0.45771428571428574,0.44073327459901596,0.8566964285714286,,
113,0.872145664491953,0.1385798665001996,0.45873214285714287,0.4432833865047471,0.45735714285714285,0.4403022244727053,0.856,,
114,0.8803049391844667,0.10095177838635438,0.45971428571428574,0.4439778076603069,0.4577857142857143,0.44097631658536496,0.8962857142857142,,
115,0.8708382387806686,0.14441695922244524,0.46069642857142856,0.44614603286443905,0.45914285714285713,0.4435225829266651,0.870875,,
116,0.8653526353616389,0.16837336483396692,0.46033928571428573,0.44842176676582507,0.4599285714285714,0.4467861922981812,0.8387321428571428,,
117,0.8804744337542332,0.10014698892195295,0.4624464285714286,0.4509641858018122,0.46264285714285713,0.4501808648529352,0.8617678571428572,,
118,0.8795645602864184,0.10445572476298326,0.4629464285714286,0.45008789724551584,0.4625,0.44879832518999924,0.8889464285714286,,
119,0.8761751397652688,0.12026336244297697,0.46355357142857145,0.4513860792015244,0.46285714285714286,0.4499246245391696,0.8904285714285715,,
120,0.8810344946692776,0.09748068904612928,0.463125,0.45196545710107117,0.4625,0.4506945788620567,0.8700535714285714,,
121,0.8798648739401196,0.10303669687841654,0.46232142857142855,0.4515258929162105,0.4609285714285714,0.44939020417199593,0.8660178571428572,,
122,0.8621653301245984,0.18191622466112634,0.46232142857142855,0.4516695642915944,0.46285714285714286,0.4516826046611112,0.8141964285714286,,
123,0.8815766035628902,0.09488949293490934,0.4645,0.45260006935863784,0.46335714285714286,0.4511328238535093,0.8599642857142857,,
124,0.8743804204065849,0.12848358156233852,0.4647857142857143,0.4521906801870725,0.46314285714285713,0.45021221433906417,0.8463214285714286,,
125,0.8734731152477027,0.13260101985124606,0.46555357142857146,0.451739958280614,0.46414285714285713,0.4499982057188189,0.8496428571428571,,
126,0.8653748695197053,0.16827794690299436,0.4672321428571429,0.4532539420670944,0.46514285714285714,0.4507932880294644,0.8182142857142857,,
127,0.8756492546601398,0.12268256246056397,0.46969642857142857,0.4544051592467329,0.4685,0.4524358771202356,0.9025714285714286,,
128,0.8709303846930132,0.14400722087356688,0.4700357142857143,0.45392146640309666,0.46835714285714286,0.45121277764091355,0.8303928571428572,,
129,0.8660777127506722,0.1652548105146402,0.4699464285714286,0.45568381793490537,0.46935714285714286,0.45382807022881233,0.7885,,
130,0.870352907622262,0.14657094601050835,0.469875,0.45502350077736614,0.47064285714285714,0.45431130807455206,0.8449464285714285,,
131,0.8714710188438448,0.14159819023157105,0.46960714285714283,0.4557784036386046,0.47014285714285714,0.454915713044461,0.8867857142857143,,
132,0.8727761675414099,0.1357467221959635,0.470125,0.45470479608408176,0.46985714285714286,0.4533410571862895,0.8920357142857143,,
133,0.8756310849846343,0.12276599037353608,0.4692678571428571,0.4554002631526825,0.4685,0.4536566828827378,0.9235535714285714,,
134,0.8688282915025235,0.15329314080378276,0.4692321428571429,0.4550030312591942,0.4679285714285714,0.45260788361274085,0.8781785714285715,,
135,0.8669517107548749,0.16147671920046236,0.46966071428571426,0.45452384568940857,0.469,0.4529203914100742,0.8881071428571429,,
136,0.8631935984139607,0.1775761894214185,0.469,0.45563957525733223,0.46914285714285714,0.45495880089355,0.8065892857142857,,
137,0.8740357216880991,0.130050846157162,0.4705535714285714,0.4547144064653885,0.4714285714285714,0.4550187842844159,0.8244821428571428,,
138,0.8728349230876066,0.13548209577419745,0.47148214285714285,0.45597548448826863,0.472,0.4558897194053877,0.873875,,
139,0.8675834965259719,0.15873255243976714,0.4712142857142857,0.4554092007693872,0.4707857142857143,0.4539845822175838,0.8840892857142857,,
140,0.8765989247354238,0.11830742053387655,0.47267857142857145,0.4572915483569922,0.473,0.4562963709051585,0.828375,,
141,0.8841940217127239,0.08223212349077169,0.47316071428571427,0.45724861928046767,0.4737142857142857,0.4560169597398215,0.9021964285714286,,
142,0.873426213802277,0.13281317572136597,0.47276785714285713,0.45779577264978616,0.4737142857142857,0.4572632039859098,0.8729464285714286,,
143,0.8725471541379883,0.1367771698392387,0.47194642857142854,0.4558705513720905,0.4730714285714286,0.45513650406196005,0.7779642857142857,,
144,0.8828634216332474,0.08869732727052426,0.474,0.45627569086553904,0.47335714285714287,0.45385206473528167,0.8994285714285715,,
145,0.8730311894395747,0.134597382779444,0.4733928571428571,0.45567561723908,0.4730714285714286,0.45346059233708236,0.8112142857142857,,
146,0.8728912115204873,0.13522848288545797,0.47548214285714285,0.45943492228063904,0.4747857142857143,0.456838795203783,0.8090178571428571,,
147,0.8801843335315425,0.10152383543294186,0.4751964285714286,0.4590239566304529,0.476,0.4582888651712388,0.8820178571428572,,
148,0.8702479089499058,0.14703604568605255,0.4754285714285714,0.45993396151107435,0.4760714285714286,0.45909703836592985,0.8276428571428571,,
149,0.874230251566553,0.12916681624701765,0.47844642857142855,0.4616387656302595,0.47885714285714287,0.460766362891628,0.9003035714285714,,
150,0.8733426745327644,0.1331908941490686,0.4780714285714286,0.4634039591049509,0.47885714285714287,0.46296828705888754,0.9082142857142858,,
151,0.8810677997559474,0.09732179076613634,0.4787142857142857,0.4637477710226438,0.47878571428571426,0.4624183965883673,0.9038214285714286,,
152,0.8726007995697161,0.1365359337004054,0.4784107142857143,0.46323893618939876,0.477,0.46045968999043413,0.8235357142857143,,
153,0.8812580898055664,0.09641317962318574,0.4792321428571429,0.4625301648523877,0.4765,0.4583019156042692,0.9373214285714285,,
154,0.8754702516256981,0.12350401752060536,0.4793928571428571,0.46269950831572493,0.477,0.45877987817687294,0.8959821428571428,,
155,0.8798500172911778,0.10310696877762204,0.47914285714285715,0.4619492852634881,0.47585714285714287,0.4572321413699809,0.8856785714285714,,
156,0.8807846318709789,0.09867155678946582,0.4779285714285714,0.4624562970715461,0.4749285714285714,0.4579297286470349,0.8669285714285714,,
157,0.8865161600846575,0.07079283504310485,0.4775714285714286,0.4618515270590667,0.47535714285714287,0.4580357948422888,0.886125,,
158,0.8767388494553179,0.11766034311083706,0.47846428571428573,0.4635717709263652,0.4767142857142857,0.4602358365053155,0.8744107142857143,,
159,0.8782420159833444,0.11066885700380813,0.47848214285714286,0.4633558554875915,0.4775714285714286,0.4610462269282931,0.8167857142857143,,
160,0.8808808509366736,0.0982132241746545,0.4794285714285714,0.46313063982410085,0.47864285714285715,0.46114467984871677,0.8823928571428571,,
161,0.8751367954288151,0.1250315700920046,0.47835714285714287,0.46197172458013425,0.4784285714285714,0.46061998527783593,0.9027678571428571,,
162,0.87550955626819,0.12332373312117495,0.47725,0.4611557576736029,0.4775,0.4598258604712484,0.8476428571428571,,
163,0.8769188972218811,0.11682678850718764,0.4786964285714286,0.4633208273338402,0.479,0.4617892116785981,0.865,,
164,0.8817051821085765,0.0942734015367499,0.480375,0.46395762240697147,0.4799285714285714,0.4619731380811796,0.9022857142857142,,
165,0.8780040179861897,0.11178075864769432,0.4801607142857143,0.4635417361344655,0.4789285714285714,0.4607331787443799,0.8645,,
166,0.8745972500844279,0.12749581983500824,0.47994642857142855,0.46637152107172125,0.4800714285714286,0.46495023737879404,0.8953571428571429,,
167,0.8813065082153115,0.0961817867354191,0.48126785714285714,0.46710662372249984,0.48114285714285715,0.46529536735677945,0.8836071428571428,,
168,0.8814660787548815,0.09541861618006386,0.4800535714285714,0.4662451802040592,0.4810714285714286,0.46558251081019286,0.8567678571428572,,
169,0.8734612889449993,0.13265452176069126,0.479625,0.4665194135782037,0.4802142857142857,0.465708497862473,0.8792857142857143,,
170,0.8838054222968705,0.08412691464756783,0.47951785714285716,0.46590344214267676,0.479,0.4638276157262727,0.8968571428571429,,
171,0.8843092331726593,0.08166929644994347,0.47976785714285713,0.46580416004837755,0.4795,0.4639148623961774,0.880625,,
172,0.8842693168066372,0.08186434962853295,0.48001785714285716,0.46574502728393447,0.4805,0.46462646274874553,0.9234821428571428,,
173,0.876521307155754,0.1186660887574621,0.47967857142857145,0.46623285216312815,0.4804285714285714,0.4654598040121167,0.8378928571428571,,
174,0.8729877655418625,0.13479322600004495,0.4778928571428571,0.46515433732849143,0.47978571428571426,0.46538616390541654,0.8544285714285714,,
175,0.8730695895772596,0.13442414918941192,0.47901785714285716,0.46471196710264095,0.47985714285714287,0.463744967012271,0.8755178571428571,,
176,0.8848951176534072,0.07879959180393548,0.4795,0.4649979051985458,0.4794285714285714,0.46306306274998627,0.8997678571428571,,
177,0.8748413342587085,0.12638214900829292,0.47917857142857145,0.4648805946315188,0.47764285714285715,0.4614163903823522,0.8532678571428571,,
178,0.8796456164370122,0.10407302329470014,0.48044642857142855,0.4660255100932191,0.4790714285714286,0.46313170584907076,0.8581785714285715,,
179,0.8776538892767014,0.11341313311933632,0.4802142857142857,0.46580355192509904,0.47778571428571426,0.4617432294017269,0.8956428571428572,,
180,0.8735962272416007,0.13204381001403542,0.4799285714285714,0.4652306576994246,0.478,0.46155629162342765,0.8088571428571428,,
181,0.8743137703303397,0.12878691079039717,0.48076785714285714,0.4680123429817364,0.4795714285714286,0.4651802712450316,0.8496428571428571,,
182,0.8834838129137467,0.08569090779545041,0.4815714285714286,0.46858199512472865,0.48035714285714287,0.4656708207264651,0.8880535714285714,,
183,0.8802694914974691,0.10111996560234127,0.48173214285714283,0.46898055080104156,0.4820714285714286,0.46764735567732413,0.8910892857142857,,
184,0.8829728723093235,0.08816793395850264,0.4816607142857143,0.46794848199025896,0.4815714285714286,0.46615541229072094,0.9054464285714285,,
185,0.880166090592102,0.10161032207169729,0.48146428571428573,0.4692326154118803,0.4817142857142857,0.46805120332536854,0.8971071428571429,,
186,0.8699126133057874,0.1485191225877236,0.4821607142857143,0.46948911496295753,0.48164285714285715,0.46740373493695236,0.863625,,
187,0.8865381131517942,0.0706837208706641,0.481,0.46960188187844815,0.4818571428571429,0.46899355374702767,0.8933392857142857,,
188,0.8828965227587332,0.0885372683308212,0.48146428571428573,0.4703562875842642,0.4815714285714286,0.4690300678138395,0.8743214285714286,,
189,0.885031666853836,0.07812893885496597,0.4821785714285714,0.47142843133674683,0.4815,0.4692793457955112,0.8721071428571429,,
190,0.8806875823955106,0.09913352111136142,0.4823571428571429,0.4711504552248921,0.4810714285714286,0.46828608599478494,0.9275892857142857,,
191,0.8625856150799542,0.1801456187728483,0.4828928571428571,0.4714797177018989,0.48085714285714287,0.46773732614644914,0.9035535714285714,,
192,0.885937677920644,0.0736614770379529,0.48428571428571426,0.47194603289540255,0.4822142857142857,0.46827374941755623,0.8885714285714286,,
193,0.8693696141080984,0.15091403169299156,0.48276785714285714,0.47076880439457397,0.4835714285714286,0.46983680745354706,0.8360892857142858,,
194,0.8855628803296398,0.07551330524633837,0.4848392857142857,0.47299357430101596,0.4860714285714286,0.47258495662901795,0.8659642857142857,,
195,0.8779467546108934,0.11204800831442874,0.484875,0.47290666505080353,0.4858571428571429,0.4719436891219565,0.8068214285714286,,
196,0.8763225667732363,0.11958357927560836,0.4845357142857143,0.47310650687498973,0.485,0.4717292681430714,0.8400178571428571,,
197,0.8825461768317051,0.09022936345261945,0.48628571428571427,0.4743192002732818,0.48592857142857143,0.47201970462122167,0.8661071428571429,,
198,0.8828650090217349,0.08868965242354454,0.48575,0.47337051599273927,0.48528571428571426,0.4710351969528882,0.9136428571428571,,
199,0.8718248893514176,0.14001668474421824,0.48623214285714284,0.4743739281925964,0.48578571428571427,0.47211167597164405,0.8490714285714286,,
200,0.8851014300832323,0.07778603353999824,0.4879107142857143,0.47404282595435526,0.48728571428571427,0.47187114589222523,0.8637321428571428,,
201,0.8806634951290975,0.09924812836507502,0.487875,0.47442412693015684,0.48828571428571427,0.47299567760686223,0.8597678571428572,,
202,0.8766610673234867,0.11802012197791867,0.4865535714285714,0.4746652399035577,0.4877142857142857,0.4739098576425162,0.871625,,
203,0.8861568816990281,0.07257596019696244,0.487,0.4763274784915805,0.48664285714285715,0.4740310946245517,0.8528214285714286,,
204,0.8841187798516867,0.08259942981750834,0.48692857142857143,0.47608529514931586,0.4865,0.47382123173243035,0.8382321428571429,,
205,0.8863619826328845,0.0715586310573273,0.4865535714285714,0.47576283222956056,0.48464285714285715,0.47219029759045233,0.897875,,
206,0.8797212251804395,0.10371584080950713,0.4872142857142857,0.4767958086362885,0.48542857142857143,0.4732517521828914,0.9116607142857143,,
207,0.8851343773800129,0.07762402559329695,0.488125,0.4774157956097361,0.48592857142857143,0.4735727912664712,0.8585892857142857,,
208,0.8782056218749882,0.11083900762103949,0.4880892857142857,0.47734206122956274,0.4867142857142857,0.4743133034060242,0.7511607142857143,,
209,0.8842356156832423,0.08202898621727583,0.48994642857142856,0.47699456081868596,0.4902142857142857,0.4755895585573137,0.8375714285714285,,
210,0.8844834523992767,0.08081728065257887,0.48896428571428574,0.47581429866735137,0.48978571428571427,0.4749736389821799,0.9124285714285715,,
211,0.8829177472118371,0.08843461783415796,0.48846428571428574,0.47608483855236783,0.48857142857142855,0.4744917853200123,0.8722321428571429,,
212,0.8891676008491288,0.05747898744017843,0.4885357142857143,0.4758571627836262,0.48828571428571427,0.4739319086648125,0.9315535714285714,,
213,0.8851768941896994,0.0774149028096538,0.4881785714285714,0.4755099750169368,0.488,0.4736083174359167,0.8772678571428572,,
214,0.8864889613768715,0.07092799629940383,0.488375,0.4749828573088834,0.4872142857142857,0.4718347526060378,0.8886071428571428,,
215,0.8838500094725654,0.0839097896493819,0.4880357142857143,0.47555328289203036,0.48764285714285716,0.47337005707367635,0.8688214285714285,,
216,0.8835050981896134,0.08558751295521816,0.487625,0.4748271806754252,0.488,0.473384918837937,0.9195535714285714,,
217,0.8822357652316213,0.09172493243675395,0.4871785714285714,0.4760201129991275,0.4865714285714286,0.47361147398147463,0.906125,,
218,0.8831361247164738,0.08737751266287219,0.4870357142857143,0.47663616960812816,0.48614285714285715,0.4741090105430558,0.9048214285714286,,
219,0.8878617455537234,0.06407053156994169,0.487,0.47678275804221065,0.48628571428571427,0.47423512221108544,0.9281964285714286,,
220,0.8696773038699579,0.14955800110081474,0.487375,0.47692881048952784,0.4857142857142857,0.4735272511719345,0.8155535714285714,,
221,0.8883412165520781,0.0616581499762503,0.48644642857142856,0.47556866200222636,0.48528571428571426,0.47218793632257905,0.9319285714285714,,
222,0.88418856652807,0.0822587609021046,0.4865714285714286,0.4756454881664176,0.4863571428571429,0.47331863885008396,0.8712857142857143,,
223,0.8845932560295111,0.08027971400057488,0.487125,0.475448987619801,0.4868571428571429,0.47326099242103614,0.8786785714285714,,
224,0.8847742357699728,0.07939271839168494,0.487875,0.47536806625926814,0.4878571428571429,0.47327143527499327,0.9135892857142857,,
225,0.8846476309907512,0.08001334533504645,0.4869107142857143,0.47578431536341154,0.4863571428571429,0.47325938708256976,0.8894642857142857,,
226,0.878377454979391,0.11003526419721898,0.4878214285714286,0.476210053928678,0.48628571428571427,0.4728310021934523,0.8048035714285714,,
227,0.8801932098205258,0.10148175035917006,0.48851785714285717,0.47560352229174246,0.4883571428571429,0.47354567297855416,0.8446964285714286,,
228,0.8829407731566169,0.08832323630089922,0.488375,0.4752306317355773,0.49,0.4747680933758283,0.9004107142857143,,
229,0.8696282467295471,0.14977438481043015,0.48842857142857143,0.4748775205401928,0.48928571428571427,0.4735456460241959,0.8663928571428572,,
230,0.8858028468549781,0.07432827010291065,0.49080357142857145,0.4763434953978106,0.49042857142857144,0.4741493579152924,0.9031607142857143,,
231,0.8791296680529918,0.10650525350931561,0.49025,0.4763065958201234,0.49,0.4742763166534879,0.8979642857142857,,
232,0.884115354941379,0.0826161441853348,0.4911964285714286,0.4763168199448688,0.49114285714285716,0.47447955437807254,0.9228392857142858,,
233,0.8824602832935614,0.09064354265053587,0.4911607142857143,0.47774439411170794,0.49157142857142855,0.4763042179750592,0.8867321428571429,,
234,0.8865944096356569,0.07040382413275714,0.4905,0.4776604427731823,0.49214285714285716,0.4773269177929375,0.931,,
235,0.8827455723550617,0.08926686366219982,0.4901964285714286,0.4777067835201357,0.49214285714285716,0.4776920635928045,0.8597142857142858,,
236,0.8846334990442024,0.08008258453176054,0.4893392857142857,0.47717758954002737,0.4917142857142857,0.477776131573024,0.8782142857142857,,
237,0.8779785605414969,0.11189958253864529,0.4890892857142857,0.47670140648902126,0.49192857142857144,0.4778266592035285,0.8519642857142857,,
238,0.8841390114996436,0.08250068585889814,0.4900357142857143,0.4780329852070505,0.49214285714285716,0.4780942224098731,0.8603928571428572,,
239,0.877723208760788,0.1130902704850939,0.4903214285714286,0.4785784608704011,0.49164285714285716,0.4776747039661921,0.7787857142857143,,
240,0.8815616427810544,0.09496114075467643,0.4913214285714286,0.4781110620090955,0.4933571428571429,0.4781747110355711,0.9310357142857143,,
241,0.87549708990378,0.12338091971955967,0.49126785714285715,0.4779884082201066,0.49364285714285716,0.47844414204459645,0.8319285714285715,,
242,0.8885335719864094,0.06068779847671979,0.4924107142857143,0.47768431810249057,0.49228571428571427,0.47535144981838895,0.8989821428571428,,
243,0.8783269963810734,0.11027138394922564,0.492125,0.4789075776207844,0.4928571428571429,0.4777211648132297,0.877625,,
244,0.8741574240573458,0.129497913682445,0.4919107142857143,0.47755685439623674,0.49107142857142855,0.4745138543153458,0.8812678571428572,,
245,0.8865786038592429,0.07048242005140248,0.49094642857142856,0.47638799566046847,0.4902142857142857,0.47335784609446374,0.90925,,
246,0.8836014765052045,0.08511914262252662,0.4914107142857143,0.47605395859798494,0.49128571428571427,0.47349136217748067,0.8954464285714285,,
247,0.8744377669832603,0.12822248289895444,0.49123214285714284,0.47592508175758114,0.49057142857142855,0.47292907588275923,0.8869821428571428,,
248,0.8853534167722297,0.07654593907702711,0.49178571428571427,0.47692846213074686,0.492,0.4750401742353126,0.9012142857142857,,
249,0.8793617122362765,0.10541248563203265,0.49228571428571427,0.47755325185737557,0.4937857142857143,0.47705207306134667,0.8877857142857143,,
250,0.8749811496881116,0.1257433814260528,0.49273214285714284,0.4793372501935759,0.494,0.4784512048629594,0.8547142857142858,,
251,0.8772758806845399,0.11517098254135294,0.49210714285714285,0.47913236101903733,0.4925,0.4777099269369122,0.8375535714285715,,
252,0.8784984711886632,0.10946862773666355,0.49276785714285715,0.47878797072429763,0.49292857142857144,0.4775121242101438,0.8744285714285714,,
253,0.8815796900424866,0.09487471067801079,0.4938392857142857,0.4801121211694004,0.4937857142857143,0.47857950787816605,0.8870178571428572,,
254,0.8846622939635118,0.079941496587838,0.493625,0.4809316234816152,0.4927142857142857,0.47831535553385834,0.8860178571428572,,
255,0.8841470632115314,0.08246138395757785,0.4933392857142857,0.4799367933984808,0.493,0.47788419171229374,0.88,,
256,0.8809947035523634,0.09767048168068082,0.4924107142857143,0.47912808511483884,0.4928571428571429,0.47768578796308603,0.7581428571428571,,
257,0.885801838067561,0.07433325637118338,0.49394642857142856,0.479888052912189,0.49392857142857144,0.4779928960691711,0.8994285714285715,,
258,0.8854618375441934,0.07601164106649905,0.49339285714285713,0.48118607628757104,0.49228571428571427,0.477817259096585,0.8950892857142857,,
259,0.8774322721618065,0.1144442826055414,0.494625,0.48199256146785807,0.4937857142857143,0.47901172645755163,0.8515178571428571,,
260,0.8814705883052628,0.09539703564827784,0.4953392857142857,0.4826798805889577,0.4938571428571429,0.47902351410072336,0.9114464285714285,,
261,0.8849177282747637,0.07868858896975217,0.495,0.48307951800838145,0.4927142857142857,0.47878542160301263,0.8696964285714286,,
262,0.8831992619488229,0.087071563387491,0.49560714285714286,0.48303637404994604,0.49364285714285716,0.4791901941119855,0.8979285714285714,,
263,0.8884582775082739,0.06106780142499635,0.49576785714285715,0.48252751322806436,0.4942857142857143,0.4792699576250062,0.9313392857142857,,
264,0.888697689020928,0.059858739289413876,0.49539285714285713,0.48226048419198786,0.49442857142857144,0.47954640963732154,0.8863571428571428,,
265,0.8885378173932722,0.060666365690647206,0.49544642857142857,0.48179546858713307,0.49464285714285716,0.47910932228162517,0.8878214285714285,,
266,0.8886118051646974,0.06029272635739269,0.4951785714285714,0.48168124302987386,0.49492857142857144,0.47947017789244245,0.8973571428571429,,
267,0.8906791686820787,0.049763630114126434,0.4955535714285714,0.48147919156478763,0.4955,0.47938635896364235,0.8925,,
268,0.8846958943397774,0.07977682436870759,0.49494642857142856,0.48205959743221155,0.49457142857142855,0.4792426407209017,0.9314464285714286,,
269,0.8890563671408809,0.058043099488293226,0.4951964285714286,0.4823461117479669,0.4945,0.479238472161357,0.8819107142857143,,
270,0.8894622007064243,0.05598255182084633,0.4950535714285714,0.482615138311776,0.49307142857142855,0.47850934783382987,0.8888571428571429,,
271,0.8868449501937308,0.06915670659300632,0.49373214285714284,0.48232923342816447,0.49092857142857144,0.4777653014271081,0.8859464285714286,,
272,0.8885652355355732,0.060527928973948875,0.49292857142857144,0.4819256625961598,0.49014285714285716,0.47733011105140066,0.9206428571428571,,
273,0.8724652771037431,0.1371451925151005,0.4930357142857143,0.48210771111575185,0.4903571428571429,0.4776764267874702,0.790875,,
274,0.8754108956431966,0.12377618187169381,0.495125,0.4828856402794314,0.49307142857142855,0.47896823517808934,0.9084821428571429,,
275,0.8846761775215938,0.07987345966059123,0.49539285714285713,0.48240045510934076,0.49242857142857144,0.477645167479914,0.8270178571428571,,
276,0.8825774463772951,0.09007851630519959,0.4955178571428571,0.48256778501191777,0.4932142857142857,0.4783887527000813,0.851375,,
277,0.8815497101738693,0.09501828090132358,0.49657142857142855,0.48275655544637247,0.4953571428571429,0.4799075548096239,0.9259821428571429,,
278,0.8816684807474037,0.0944493172928007,0.49623214285714284,0.4839746538211232,0.494,0.48007833430186836,0.869625,,
279,0.8865602110937727,0.07057386802711707,0.49648214285714287,0.48337589249042956,0.4937142857142857,0.4789390362795536,0.8725892857142857,,
280,0.8834361635225152,0.0859223088977108,0.4968214285714286,0.48337516627230015,0.49507142857142855,0.47977064246589096,0.8985,,
281,0.8816419553722908,0.09457642844172631,0.49557142857142855,0.482862963107233,0.49328571428571427,0.47853812177967947,0.8700535714285714,,
282,0.8852602752527268,0.07700458974029578,0.4965,0.4832446875759551,0.49414285714285716,0.47891151507242,0.8382321428571429,,
283,0.8850121542258196,0.07822481634585521,0.496375,0.4827110189737353,0.4942857142857143,0.47849309254039046,0.914625,,
284,0.8859924519157426,0.07339040175896372,0.4957857142857143,0.482268158113503,0.4932142857142857,0.47751206944447944,0.8779107142857143,,
285,0.8896857722078513,0.054844575798559614,0.4955357142857143,0.4830088357246475,0.4933571428571429,0.4789636406196499,0.90025,,
286,0.8885725279694041,0.06049110379101652,0.4963214285714286,0.48391280148864235,0.4947142857142857,0.48060339748578906,0.9110357142857143,,
287,0.8893988983625154,0.05630439374244789,0.49598214285714287,0.4836734961094706,0.4943571428571429,0.48036180698205017,0.9104464285714285,,
288,0.8852095978420071,0.07725400107201774,0.49598214285714287,0.4844469549394548,0.4937142857142857,0.4804418534912497,0.8835357142857143,,
289,0.8831811662782811,0.08715926573325916,0.49623214285714284,0.4851614391805522,0.4938571428571429,0.48096469396407493,0.8712321428571429,,
290,0.8754820892659914,0.12344972520739927,0.49625,0.4846622621489206,0.4943571428571429,0.4808313040963069,0.8773392857142858,,
291,0.8837245880917088,0.08452036640629834,0.4974642857142857,0.4848038296270552,0.49614285714285716,0.4817154510348714,0.9011607142857143,,
292,0.8900750071517165,0.052858545234774956,0.49791071428571426,0.4846177143195102,0.49614285714285716,0.4807147672512956,0.9051607142857143,,
293,0.8855520047425223,0.07556696126252915,0.498625,0.48542472424644484,0.49707142857142855,0.4817941749295523,0.8477678571428572,,
294,0.8825061718015892,0.09042230062202483,0.49785714285714283,0.4847390884794254,0.495,0.4801246363120074,0.8869285714285714,,
295,0.8903186449806122,0.05161227004713864,0.49744642857142857,0.484048054917647,0.4953571428571429,0.47978587013695606,0.8971785714285714,,
296,0.882392440716278,0.090970494593557,0.49725,0.48510201367372546,0.4952857142857143,0.4809297149324772,0.8636785714285714,,
297,0.8834077352052514,0.08606032704248912,0.49741071428571426,0.48454677630674875,0.49614285714285716,0.48113038156625854,0.9083035714285714,,
298,0.8915524435822544,0.04526351033773901,0.49775,0.48495659341051667,0.49685714285714283,0.48219657821426454,0.8887142857142857,,
299,0.890119209511886,0.052632617806371185,0.4983392857142857,0.48570373088338953,0.49742857142857144,0.48302167970350246,0.8915892857142858,,
300,0.8863518653192946,0.07160885185353938,0.49839285714285714,0.48549187829590057,0.497,0.48228278960316684,0.8750892857142857,,
301,0.8833707175373926,0.0862400023045582,0.49835714285714283,0.4855058329042198,0.49735714285714283,0.48255955983934695,0.8544642857142857,,
302,0.8849660759567864,0.0784511709285427,0.49910714285714286,0.4853977142191865,0.49757142857142855,0.48186032027467424,0.9076607142857143,,
303,0.8863877274858676,0.07143081996559064,0.49914285714285717,0.4850225015813063,0.49692857142857144,0.48050550849749,0.9036428571428572,,
304,0.8871707477879776,0.0675313733963927,0.49914285714285717,0.4852697422752942,0.4972857142857143,0.48093413817944597,0.9027321428571429,,
305,0.8872020876341349,0.06737480987074917,0.499875,0.48602182506759545,0.49907142857142855,0.48291577717626444,0.8794821428571429,,
306,0.8899978567779172,0.05325268608367928,0.49925,0.48503797292172635,0.4992142857142857,0.4825974593561588,0.8939464285714286,,
307,0.8905025444675765,0.05066996455162753,0.4988035714285714,0.48588858218594166,0.4985,0.4832040568149522,0.89875,,
308,0.8894111899662946,0.0562419133643024,0.4984821428571429,0.48613781550013274,0.4982857142857143,0.48358305447640715,0.896125,,
309,0.8781427285529373,0.1111329448028393,0.49825,0.48607681127536617,0.4975,0.4827992350002071,0.82175,,
310,0.8885585723011322,0.06056157499600867,0.49864285714285717,0.48542478590090266,0.49857142857142855,0.48267245902742734,0.934875,,
311,0.8840344455489391,0.08301087626342984,0.49842857142857144,0.48528445053770525,0.49907142857142855,0.4833614329841235,0.8488214285714286,,
312,0.8853699213935986,0.07646463262676995,0.498,0.4855746045934275,0.49792857142857144,0.48317900161314126,0.8212142857142857,,
313,0.8867470109288883,0.06964450604146788,0.4992857142857143,0.48596751866385823,0.49864285714285717,0.482836581488431,0.8577857142857143,,
314,0.8823714311423193,0.09107171232875211,0.49808928571428573,0.4861236816814375,0.49807142857142855,0.4839488795641911,0.9479107142857143,,
315,0.8814065146812541,0.09570359443187892,0.4982857142857143,0.48624623284120344,0.4975,0.4832567937037509,0.8930892857142857,,
316,0.8816322854982384,0.09462276090950894,0.49775,0.4858251262659832,0.49742857142857144,0.4830228011105559,0.877375,,
317,0.8889101991787564,0.058783625432147435,0.4971964285714286,0.4853843320368879,0.49764285714285716,0.48363824703561964,0.8756071428571428,,
318,0.8829604936009828,0.08822782908745253,0.49807142857142855,0.4858433583961383,0.49707142857142855,0.4822797781748592,0.8422678571428571,,
319,0.8884669854134059,0.06102386505901136,0.49807142857142855,0.4847244669070033,0.4972857142857143,0.48136399409499786,0.9013392857142857,,
320,0.8870436111453788,0.068166117047892,0.497875,0.4848342272595766,0.49714285714285716,0.4817072166408504,0.9002142857142857,,
321,0.8863591659857581,0.07157261285409833,0.497875,0.48440922819849,0.49692857142857144,0.4812543043738642,0.9128214285714286,,
322,0.8848551748643736,0.07899563749719118,0.4984642857142857,0.4854020941876699,0.497,0.4819015681306585,0.8355,,
323,0.8855255059558752,0.07569767762612822,0.497625,0.48431572806376366,0.49642857142857144,0.48071144362091733,0.8511785714285715,,
324,0.8901799588438739,0.05232198535610899,0.4979821428571429,0.48557004184045577,0.49714285714285716,0.4825873882757149,0.9319285714285714,,
325,0.8868735890377994,0.06901399744823311,0.49744642857142857,0.48505154427781516,0.49592857142857144,0.4813451554949782,0.8865892857142857,,
326,0.8814540069829573,0.09547638235753442,0.4984642857142857,0.48616069481906254,0.49592857142857144,0.4815290028440451,0.8226785714285715,,
327,0.8892938667687716,0.05683803995289827,0.49994642857142857,0.4863980215790507,0.49742857142857144,0.4817866229437415,0.8970357142857143,,
328,0.880856224872059,0.09833055914014732,0.5001964285714285,0.48772204169030803,0.4967857142857143,0.4820920058226553,0.8356964285714286,,
329,0.88536284537965,0.07649949232813702,0.5002857142857143,0.4870683650995029,0.49657142857142855,0.48108780177724964,0.9067678571428571,,
330,0.8884083314322881,0.06131975004496648,0.5008035714285715,0.48736213282532653,0.49835714285714283,0.48258429239671036,0.8675714285714285,,
331,0.8897165983851605,0.054687512517962,0.5004821428571429,0.48699891956943314,0.4982857142857143,0.4823357235555824,0.9158571428571428,,
332,0.8912746183131457,0.04669862640360378,0.5004642857142857,0.48705456264405544,0.49792857142857144,0.48198381284821307,0.8636964285714286,,
333,0.8898572962637079,0.05397015022676954,0.49958928571428574,0.4862030957442317,0.49807142857142855,0.48207339739474087,0.892375,,
334,0.8850276748214312,0.07814855530682552,0.49955357142857143,0.48654008597635023,0.49885714285714283,0.48340542960054006,0.92375,,
335,0.8916502019878865,0.04475776783444174,0.4994642857142857,0.4867837414920867,0.4987142857142857,0.4836060093017598,0.8893928571428571,,
336,0.8908479106096545,0.048896542393700226,0.5000178571428572,0.48693982232047295,0.4992142857142857,0.4838346583238186,0.8475714285714285,,
337,0.877057161854463,0.11618596253113977,0.5004107142857143,0.48700247159237087,0.4997857142857143,0.4839993511688725,0.8506428571428571,,
338,0.876284631225428,0.11975856584142175,0.4993214285714286,0.48610490674239626,0.49964285714285717,0.4843215675388797,0.8430535714285714,,
339,0.8880851313736078,0.06294772549827887,0.4991785714285714,0.48572720828811067,0.5005,0.48513717534861955,0.8660357142857142,,
340,0.8846128875457779,0.08018355694462853,0.499875,0.4865539035285746,0.5009285714285714,0.4857213394966096,0.8593214285714286,,
341,0.887837903204077,0.0641902551203144,0.5001607142857143,0.4872688739417641,0.5016428571428572,0.48693869950341717,0.9125535714285714,,
342,0.8866113516652725,0.0703195674646051,0.49989285714285714,0.48704789665661724,0.5010714285714286,0.4862971219976317,0.8315535714285714,,
343,0.8863078132064321,0.07182747437944825,0.5000357142857143,0.48659411448870415,0.5008571428571429,0.485513875582232,0.8871785714285715,,
344,0.8890093485347129,0.05828140141131044,0.49914285714285717,0.48711997541031976,0.49964285714285717,0.48567434139380594,0.9020357142857143,,
345,0.8885389155794461,0.06066082142044804,0.49891071428571426,0.4869295353560242,0.5002142857142857,0.4861828199619008,0.9041785714285714,,
346,0.8862957505608942,0.07188732618964488,0.49994642857142857,0.4879590682608993,0.5012857142857143,0.48737996566058717,0.9610714285714286,,
347,0.8900980563614977,0.05274074588185784,0.4999642857142857,0.4879580082124493,0.5012857142857143,0.4873454458047089,0.9185714285714286,,
348,0.8913336140206791,0.04639415155904936,0.4999642857142857,0.4887848695991831,0.5010714285714286,0.4877038714653045,0.8940178571428572,,
349,0.8872733147572975,0.06701884141706405,0.4996964285714286,0.4882316961257894,0.5004285714285714,0.4868188147072571,0.8856428571428572,,
350,0.8926548441553656,0.039536991155139534,0.5001607142857143,0.48827180660245384,0.5007142857142857,0.4868341958531769,0.9305535714285714,,
351,0.8791714351811175,0.10630869280603361,0.5001071428571429,0.4882398051974116,0.5011428571428571,0.4873384494201848,0.84775,,
352,0.8875269565359029,0.06574963108320131,0.5012142857142857,0.48807738214430696,0.5008571428571429,0.48577955234831327,0.9175892857142857,,
353,0.8842879953564919,0.08177308330633615,0.5020714285714286,0.4885922613666326,0.5024285714285714,0.4870721814948576,0.884625,,
354,0.8903668767178361,0.05136526355050508,0.501,0.48785466422154994,0.5025,0.48756658451190793,0.8863571428571428,,
355,0.8880854070144187,0.06294633883312395,0.5011607142857143,0.4879154285707584,0.502,0.4869163988669481,0.9026071428571428,,
356,0.8884369532110105,0.06117538204650308,0.5003928571428572,0.48748256424587505,0.5004285714285714,0.4857451587868538,0.8682857142857143,,
357,0.8904687990396234,0.050842980870674515,0.5006964285714286,0.48726429278898936,0.5008571428571429,0.48581445538062795,0.9008392857142857,,
358,0.8844183251868805,0.08113591469419013,0.500625,0.48721660589132537,0.5004285714285714,0.4853833893092686,0.8496071428571429,,
359,0.8897142879999249,0.0546992855567201,0.5016607142857142,0.4873997467530433,0.49985714285714283,0.4840849457023909,0.8924821428571429,,
360,0.8893336393117022,0.056636015147506935,0.5011785714285715,0.48708258294288403,0.4987857142857143,0.4830874988213914,0.9134642857142857,,
361,0.888166505270609,0.06253822845606449,0.5003214285714286,0.48737682594223886,0.4982857142857143,0.4836658077403615,0.8773571428571428,,
362,0.8816126029653117,0.09471705815037446,0.5001071428571429,0.4873072484428563,0.499,0.4846068635379764,0.9017678571428571,,
363,0.891779421079206,0.04408865140146867,0.5004285714285714,0.48785563558885564,0.4992142857142857,0.485055967025018,0.8759107142857143,,
364,0.8755088524816141,0.12332696171211954,0.5002142857142857,0.48742337034857186,0.4995,0.48494896399388027,0.8043392857142857,,
365,0.8890901800083738,0.05787167286993,0.5011071428571429,0.48689456544513565,0.5021428571428571,0.4861442235594152,0.8650714285714286,,
366,0.8906966887784138,0.04967365698910253,0.5015535714285714,0.4882319230676391,0.5017857142857143,0.48653579941071445,0.8606785714285714,,
367,0.8900925034217638,0.052769127694050066,0.500875,0.48725693358025407,0.5014285714285714,0.48577342626595704,0.893125,,
368,0.886050248552916,0.0731042444204304,0.5010892857142857,0.4874062500959967,0.5007142857142857,0.48508843773672294,0.9076607142857143,,
369,0.8839960371652377,0.08319817522243156,0.5015,0.4877525993574702,0.5010714285714286,0.48559430522636154,0.9062678571428572,,
370,0.8881792963713219,0.06247383624385505,0.5015535714285714,0.4878272324402845,0.5011428571428571,0.4857242508322318,0.8836607142857142,,
371,0.8864558944670309,0.07109228096800702,0.5012857142857143,0.4881106129979851,0.5008571428571429,0.48598873550467986,0.8878571428571429,,
372,0.8885050276709737,0.06083188490803826,0.5015178571428571,0.4881422038140338,0.5004285714285714,0.4852744980999296,0.9390535714285714,,
373,0.8899292506274498,0.05360297330212238,0.5017142857142857,0.48812989714291133,0.5012142857142857,0.48579726147952745,0.9237857142857143,,
374,0.8894798680913147,0.05589269845294509,0.5018928571428571,0.4882973462920431,0.5015,0.4860067792833984,0.8856071428571428,,
375,0.8820519607469712,0.09260889641252246,0.5022678571428572,0.48825757702809713,0.502,0.48621123912505027,0.8734642857142857,,
376,0.8813725103581518,0.09586622911641651,0.5024107142857143,0.48849922113284744,0.5005714285714286,0.4847877382376698,0.88275,,
377,0.8894664991478767,0.05596069182352914,0.5026785714285714,0.48880197941524106,0.5001428571428571,0.48448415950531787,0.8785178571428571,,
378,0.8895264430639791,0.05565576561845398,0.50225,0.48922315290614876,0.49957142857142856,0.48435046828651157,0.901625,,
379,0.8880315212949463,0.06321736478511064,0.5018392857142857,0.4885863504993783,0.5005,0.485143302952063,0.8945,,
380,0.8903879780616568,0.05125716845534245,0.5009464285714286,0.48822866204057636,0.5001428571428571,0.4851205351076725,0.9089642857142857,,
381,0.8853582551364172,0.07652210497725065,0.5011607142857143,0.4885192434854349,0.5007142857142857,0.48577589008093636,0.870875,,
382,0.8857294067578613,0.07469117204290376,0.5010535714285714,0.4876893939284546,0.5008571428571429,0.48521341730558765,0.9102321428571428,,
383,0.8888455933630224,0.05911066407219545,0.5002321428571429,0.488651702492216,0.5008571428571429,0.4872256064451765,0.9004642857142857,,
384,0.8845267326132895,0.08060544637529743,0.5007321428571428,0.4886663364360677,0.5010714285714286,0.48707303758897746,0.8695178571428571,,
385,0.8915332110145149,0.045362960795584995,0.5007142857142857,0.48923787612703534,0.5001428571428571,0.4866901600617698,0.8794642857142857,,
386,0.8909148064638552,0.04855246954886727,0.49985714285714283,0.4886626543659605,0.4995,0.48623452731606653,0.8967678571428571,,
387,0.8916028373766839,0.04500285354412914,0.4996964285714286,0.48817639876737556,0.4992857142857143,0.4858481100560869,0.886375,,
388,0.8819159401429542,0.09326228717549245,0.5003571428571428,0.48851966240599676,0.49957142857142856,0.485897719721845,0.8486607142857143,,
389,0.8836143771206728,0.08505642386766543,0.501125,0.4885740355099884,0.49942857142857144,0.484933630276987,0.91675,,
390,0.8869399941247849,0.06868297544714053,0.5005178571428571,0.4878200420190155,0.5000714285714286,0.48553949865267915,0.8447678571428572,,
391,0.8899309674056944,0.05359421016174615,0.5001428571428571,0.4872278795137279,0.49957142857142856,0.48475313235715733,0.8930714285714285,,
392,0.8913231239938649,0.04644830083930085,0.4998392857142857,0.486924611793561,0.4985,0.4836405675455914,0.9078928571428572,,
393,0.8926458307027763,0.039584021604260666,0.49964285714285717,0.4865974934523357,0.49892857142857144,0.4840620627618355,0.9052321428571428,,
394,0.8809817067162382,0.09773246110651668,0.49944642857142857,0.48725815246430065,0.4987142857142857,0.48463316298911396,0.88825,,
395,0.8869873939064414,0.06844658901187528,0.4995357142857143,0.4864304835480183,0.49992857142857144,0.48521224811468117,0.8819821428571428,,
396,0.8859043133226406,0.07382654211053397,0.4995,0.48586866065095063,0.4992142857142857,0.4838518343920303,0.841625,,
397,0.8896520932221862,0.055016130555879394,0.4999642857142857,0.48629706477734125,0.4997142857142857,0.4843763783593008,0.8616607142857143,,
398,0.8889388983344414,0.05863829514203678,0.5000892857142857,0.48616533522618416,0.5003571428571428,0.48467236410010217,0.8994107142857143,,
399,0.8812632904693869,0.096388329424413,0.4998214285714286,0.4862977357520215,0.5005714285714286,0.4853684585884877,0.902875,,
400,0.8859976879892713,0.07336448260608708,0.4985357142857143,0.48662292474940294,0.5004285714285714,0.4866883958642639,0.9066607142857143,,
401,0.8862637364072004,0.07204614552656485,0.499,0.4867596907633803,0.5002857142857143,0.4861288022217839,0.88775,,
402,0.8894572018342259,0.05600797296702065,0.49839285714285714,0.4861955664127483,0.4997857142857143,0.48557170029384,0.9027142857142857,,
403,0.8905224530595159,0.050567869195855764,0.4986785714285714,0.4860239655838695,0.49964285714285717,0.4845720991645582,0.8989642857142857,,
404,0.8907148858114469,0.049580194111436215,0.4993392857142857,0.4868365674953665,0.5001428571428571,0.48533092582066084,0.93775,,
405,0.8822525706979967,0.09164405090775074,0.499,0.48650730945014525,0.5002142857142857,0.48538852899265067,0.8864642857142857,,
406,0.8867714853229343,0.06952264258749685,0.4996964285714286,0.48660554791766514,0.5004285714285714,0.4850792991313947,0.8586964285714286,,
407,0.8906292335844128,0.05001999863168316,0.49973214285714285,0.48763636566906576,0.5011428571428571,0.48725309080135537,0.8941607142857143,,
408,0.8873771836227176,0.06649938875834338,0.499875,0.487455869501977,0.5011428571428571,0.48686912779087965,0.888875,,
409,0.8930905579743942,0.037259366401615646,0.4998392857142857,0.4868324562713406,0.5011428571428571,0.4858498368947929,0.9049821428571428,,
410,0.884071345056697,0.08283088458737775,0.4996785714285714,0.4867312325645594,0.5012142857142857,0.48600008467305916,0.9033392857142857,,
411,0.8872172646960848,0.06729897663306783,0.4986964285714286,0.48608249143584786,0.4997857142857143,0.4848872378227588,0.8713392857142858,,
412,0.8864946792514319,0.0708995842385487,0.5005714285714286,0.4880117819000443,0.5009285714285714,0.48626203422981557,0.918875,,
413,0.8848438338190783,0.07905129040567527,0.5003571428571428,0.4876276473057105,0.5005,0.4857938503613564,0.8620892857142857,,
414,0.8916715430936305,0.04464730863782718,0.5001964285714285,0.4873929702934531,0.5007142857142857,0.48622635364888156,0.895875,,
415,0.8916907646574865,0.04454780359032373,0.5000714285714286,0.4870809857867628,0.5005714285714286,0.4857178718800945,0.8911785714285714,,
416,0.8817765423941584,0.09393122445382329,0.49992857142857144,0.48703248475016414,0.5005714285714286,0.4857499978885622,0.8097321428571429,,
417,0.8843871271413313,0.08128849543872385,0.5008035714285715,0.4867163083044449,0.5007142857142857,0.48482055471957297,0.86375,,
418,0.8880061825243594,0.06334477036359276,0.4997142857142857,0.4860932397972987,0.5018571428571429,0.4865567833330397,0.8892321428571428,,
419,0.8892546700080303,0.057037077908336675,0.5002321428571429,0.4864556588805159,0.5022142857142857,0.4867595908777055,0.9055535714285714,,
420,0.884219899805843,0.08210574711553398,0.5002321428571429,0.48745943601349173,0.5024285714285714,0.48790628812336473,0.8867142857142857,,
421,0.8879542807312747,0.06360565854495581,0.5009642857142858,0.48733769694951257,0.5013571428571428,0.4859485987173418,0.866,,
422,0.8883233604479773,0.06174815228510222,0.5006071428571428,0.4871471998320522,0.5018571428571429,0.4866472333198299,0.9255714285714286,,
423,0.8885620050811323,0.06054424138295755,0.5009464285714286,0.48755179237121943,0.5022142857142857,0.48704728043289675,0.8959821428571428,,
424,0.8910802859690992,0.04770054426043213,0.5023571428571428,0.48911462838046865,0.5027857142857143,0.48775208070423337,0.8966071428571428,,
425,0.8864625526909902,0.07105920460262705,0.5018214285714285,0.4887154796110713,0.5026428571428572,0.4877010000884443,0.8529821428571429,,
426,0.8913670813574843,0.04622136323881798,0.5027142857142857,0.48911105223020906,0.5023571428571428,0.4871902520628897,0.9077321428571429,,
427,0.8927364767123753,0.03911088999773771,0.5026071428571428,0.49004033403087827,0.5017142857142857,0.48740036551864685,0.8995,,
428,0.8895816474151992,0.055374820707388306,0.5025892857142857,0.49009964288109564,0.502,0.4877840078708758,0.8636071428571429,,
429,0.883378584727199,0.08620182091375761,0.5026785714285714,0.4897971048758688,0.5029285714285714,0.488353194041588,0.8680357142857142,,
430,0.8901571978225781,0.052438388010913606,0.5030357142857143,0.48929097629311713,0.5031428571428571,0.487773610856609,0.8828571428571429,,
431,0.8916567157444486,0.04472405537956847,0.5030357142857143,0.4888725353480524,0.5025,0.4866404848743377,0.9003392857142857,,
432,0.8894894880886282,0.05584376746429176,0.5022678571428572,0.48852660320123215,0.5024285714285714,0.4870124193917385,0.8984107142857143,,
433,0.8925580215657192,0.04004201100042337,0.5019642857142858,0.4879508112093672,0.5025714285714286,0.4868958320918586,0.9124107142857143,,
434,0.8830702036984296,0.08769679855084256,0.5015892857142857,0.4884560041350306,0.5022142857142857,0.48742224339214246,0.9167857142857143,,
435,0.8875335985186016,0.06571636137871684,0.5012678571428572,0.4881198130355232,0.5017857142857143,0.4867807801714693,0.90725,,
436,0.8892677725451725,0.05697055115634786,0.5007678571428571,0.4877864639806315,0.5000714285714286,0.48539504496996316,0.899625,,
437,0.892565245358171,0.04000434602811387,0.5016785714285714,0.4888456423758468,0.5002857142857143,0.48578329911922025,0.8898392857142857,,
438,0.890708841317218,0.049611241116635396,0.5012678571428572,0.4883982740216418,0.49985714285714283,0.4852725618939405,0.8497857142857143,,
439,0.8904296992202859,0.05104339125853685,0.5019464285714286,0.48843413300416366,0.5001428571428571,0.48489255184542124,0.9017321428571429,,
440,0.8882626407945463,0.06205411088981916,0.5015535714285714,0.48940369496726693,0.49964285714285717,0.48570769253815327,0.8597678571428572,,
441,0.8861234289816589,0.07274173877283108,0.5024464285714285,0.48974190351039537,0.5005,0.4859906884466678,0.8799107142857143,,
442,0.8889097798339216,0.058785748718203745,0.5019464285714286,0.4896710966934534,0.5016428571428572,0.487424975591228,0.8766964285714286,,
443,0.892326286409866,0.04124910170835894,0.5014642857142857,0.488748026158701,0.5022142857142857,0.4875745252489718,0.8953214285714286,,
444,0.8905674906369632,0.05033684713226361,0.5022678571428572,0.4896303778861867,0.5025714285714286,0.48812454158325413,0.8589464285714286,,
445,0.8867938296410076,0.06941136518933133,0.5026428571428572,0.4895051702999824,0.5022142857142857,0.48712257169202183,0.8854642857142857,,
446,0.8897633540458848,0.05444921307731887,0.5028214285714285,0.48990496081355434,0.5027857142857143,0.48792849706768626,0.87425,,
447,0.8894919539079986,0.05583122476250013,0.5022321428571429,0.4890371034648857,0.5015714285714286,0.4864800740584917,0.8938392857142857,,
448,0.8928340077420802,0.038601428616124256,0.5023392857142858,0.4885653916047724,0.5015714285714286,0.48594473218461287,0.9107142857142857,,
449,0.8863232830957233,0.07175070858114507,0.5016964285714286,0.4889115560558427,0.5013571428571428,0.48666559408107035,0.9079642857142857,,
450,0.8836200774779375,0.08502870859178802,0.5021071428571429,0.4889621886504877,0.501,0.48614545663943876,0.8829285714285714,,
451,0.8908044976150993,0.04911973425758709,0.5009642857142858,0.48838248097414183,0.5021428571428571,0.4880018193728679,0.9067142857142857,,
452,0.8887519878562321,0.05958420602480463,0.501875,0.48934488560739664,0.5022142857142857,0.48825425462493505,0.8545357142857143,,
453,0.8890917955765261,0.057863481015198115,0.502125,0.4890865492196987,0.5022142857142857,0.48766848949488545,0.8570357142857142,,
454,0.8872788622837552,0.06699110856349089,0.5026607142857142,0.48929928116905197,0.5028571428571429,0.48793037303131415,0.8687321428571428,,
455,0.8919406707159253,0.04325269056543335,0.5025535714285714,0.4904637173030998,0.5019285714285714,0.48805235935585617,0.8961785714285714,,
456,0.8925073327889528,0.0403062404785306,0.5024464285714285,0.4904189783015961,0.5015714285714286,0.48774001277749646,0.89275,,
457,0.8823412644854307,0.09121701870669785,0.5018214285714285,0.4902470837242137,0.5017142857142857,0.48819415177136694,0.912125,,
458,0.879818911340351,0.1032540755242598,0.5019642857142858,0.49028968769197945,0.502,0.4884066781998442,0.745,,
459,0.8863357982373423,0.07168859838025932,0.5033035714285714,0.49014739292474047,0.5032857142857143,0.48847545992523883,0.8793928571428572,,
460,0.8860163223431269,0.07327223204332989,0.5029464285714286,0.4889146125465353,0.503,0.4875668858632708,0.8863035714285714,,
461,0.8891539773505935,0.05754810444764247,0.503125,0.48940749627500113,0.5032857142857143,0.4882808386669236,0.9197321428571429,,
462,0.8910447374627882,0.047883651634502256,0.5025892857142857,0.4891772777561375,0.5028571428571429,0.488292434416388,0.857,,
463,0.8919624107817697,0.043139900454862046,0.503875,0.49013271287300225,0.5044285714285714,0.48969008339275033,0.9103928571428571,,
464,0.8936472668589958,0.03433733845743747,0.5039464285714286,0.49130092728831604,0.5036428571428572,0.4894885256351563,0.9095892857142858,,
465,0.8936857549068195,0.034134826652725714,0.504,0.49135629101994793,0.5039285714285714,0.4898635064722464,0.8825535714285714,,
466,0.8864936018403805,0.07090493797858843,0.5044107142857143,0.4919117758161562,0.5042857142857143,0.4903767727571191,0.8504107142857142,,
467,0.8920863265968543,0.04249662894953965,0.5044285714285714,0.4914272940291207,0.5052142857142857,0.4906750612176439,0.862875,,
468,0.883505312273948,0.0855864729410385,0.5043571428571428,0.49215698640992017,0.5054285714285714,0.49164062646333895,0.9159107142857142,,
469,0.883485978384711,0.08568038960544855,0.5045178571428571,0.4921062437500437,0.5067142857142857,0.49280082318639035,0.9238214285714286,,
470,0.8904105944252773,0.05114129216104102,0.5044285714285714,0.49195025497373085,0.5066428571428572,0.492710859697363,0.8971964285714286,,
471,0.8881611351079105,0.06256526069679791,0.5041428571428571,0.4914234285206153,0.5057857142857143,0.4915990798308808,0.8900714285714286,,
472,0.8845472580601241,0.08050496078939084,0.5034642857142857,0.49107218127500324,0.5055,0.4917924495167115,0.8442678571428571,,
473,0.8800147256755634,0.10232747878539339,0.5028214285714285,0.4894977055310116,0.5061428571428571,0.49152245124731353,0.8651071428571429,,
474,0.886056085585919,0.07307533761413598,0.5048571428571429,0.4907591018320535,0.5074285714285715,0.4918638349456651,0.9009464285714286,,
475,0.8833531753894525,0.08632513057778235,0.5045892857142857,0.49074268979509605,0.5067857142857143,0.49151249220909754,0.8929285714285714,,
476,0.8907918367321725,0.04918481084270887,0.5046071428571428,0.4913557290853384,0.5058571428571429,0.4910437889252262,0.9142321428571428,,
477,0.8905884984704826,0.05022905808266542,0.5050714285714286,0.49146761675507833,0.5062142857142857,0.49097221652737855,0.897375,,
478,0.8902158330175497,0.05213847748863354,0.5047678571428571,0.49095405001263365,0.5058571428571429,0.4905395333111226,0.8837678571428571,,
479,0.8885262265974674,0.06072487972634577,0.5049107142857143,0.49060574047020655,0.5063571428571428,0.49067525550111385,0.8821428571428571,,
480,0.8894136390882632,0.05622946332119194,0.5057678571428571,0.4923065493580122,0.5065714285714286,0.49153090056409904,0.9013928571428571,,
481,0.8911257434609232,0.04746632009000673,0.5046964285714286,0.4917067306479542,0.5063571428571428,0.49183869345317427,0.8998214285714285,,
482,0.8912114093469492,0.04702468480874633,0.5053392857142858,0.4923468051056976,0.5062857142857143,0.49173354853057927,0.8975357142857143,,
483,0.8922112850252877,0.041847287171882686,0.5052678571428572,0.49243407146905377,0.5063571428571428,0.49204000041846785,0.8565178571428571,,
484,0.8916883446309141,0.044560332293438254,0.5052321428571429,0.4921707050328113,0.506,0.49163100855589265,0.896375,,
485,0.8891157906901528,0.05774179976533178,0.5047321428571429,0.49174586718846774,0.5060714285714286,0.4917743965802101,0.9214642857142857,,
486,0.8931750191875509,0.03681691372252116,0.5051785714285715,0.4920744948619381,0.5062142857142857,0.49179457748737676,0.8951785714285714,,
487,0.8821840040592168,0.091973986337752,0.5052678571428572,0.4931020270838313,0.5056428571428572,0.4917538212039525,0.8579107142857143,,
488,0.8927458245377065,0.03906207852563415,0.5045178571428571,0.49141724909233553,0.5048571428571429,0.4898941328768231,0.9113214285714286,,
489,0.8906116926806869,0.05011002986936686,0.5038928571428571,0.4911965561010656,0.5050714285714286,0.4905660129062347,0.879125,,
490,0.8884049300110213,0.06133690463112984,0.5044821428571429,0.49126805195380036,0.5061428571428571,0.4913370826205618,0.896625,,
491,0.8806254729690273,0.0994289971744523,0.5045714285714286,0.4915803842108887,0.5053571428571428,0.4908019925752193,0.8997857142857143,,
492,0.8810085801825075,0.09760430022264543,0.504125,0.4914753690929105,0.5041428571428571,0.4900279589647537,0.8356428571428571,,
493,0.8859546851163593,0.07357732094899272,0.5060714285714286,0.49239166562561315,0.5067142857142857,0.4915483652030632,0.9255535714285714,,
494,0.8865697417096136,0.07052648386203697,0.5056607142857142,0.49241809829086713,0.5060714285714286,0.4913002057740119,0.9051964285714286,,
495,0.8882026705147297,0.062356150861586634,0.5054464285714285,0.49214733592407134,0.505,0.4902225707317179,0.9166607142857143,,
496,0.8909246883143386,0.04850162743922537,0.5057142857142857,0.49233657276573395,0.5049285714285714,0.4901447540653088,0.8885357142857143,,
497,0.8898825418246163,0.05384134824486231,0.5058928571428571,0.49222541199939196,0.5053571428571428,0.4901985975082675,0.9074107142857143,,
498,0.8816530012226289,0.094523499077938,0.5053214285714286,0.4929896712147218,0.5047857142857143,0.4907510008348468,0.8209821428571429,,
499,0.8879341176674778,0.06370698118837304,0.5076785714285714,0.4940644533270945,0.5075714285714286,0.4923436480027529,0.9001428571428571,,
500,0.8839567623153995,0.08338964380980651,0.5065,0.4934072911801162,0.5067142857142857,0.49191160293518976,0.8606071428571429,,
501,0.887889528057495,0.06393099460911844,0.5057678571428571,0.49269922488448836,0.5051428571428571,0.4904122802580263,0.9094464285714285,,
502,0.8864035239323916,0.07135238553494738,0.506,0.49271776775416615,0.5058571428571429,0.4910447543707117,0.8987142857142857,,
503,0.8906563527268528,0.04988078075962177,0.5058928571428571,0.4920914436589534,0.5067857142857143,0.4914609671836162,0.9329464285714286,,
504,0.8898027632892649,0.05424828731803433,0.5061964285714285,0.4921769250397487,0.5072857142857143,0.4917508341328623,0.9000535714285715,,
505,0.8870889692308102,0.0679397334000107,0.506,0.49182225665787566,0.5067142857142857,0.49093058392643946,0.873,,
506,0.8905372138515272,0.05049216230451248,0.5061428571428571,0.49136678034290027,0.5059285714285714,0.4896657085735212,0.9051428571428571,,
507,0.8887857313851735,0.0594135407015437,0.5065357142857143,0.4918517574397054,0.5062857142857143,0.48998185211319256,0.8764821428571429,,
508,0.891712117159613,0.04443724903742319,0.5064464285714285,0.4926607728280629,0.5057142857142857,0.4904099166046535,0.894125,,
509,0.8902278256695131,0.05207711951533933,0.5064821428571429,0.49282971566621325,0.5062857142857143,0.49117930113881936,0.9051964285714286,,
510,0.8858996330482978,0.07384969352405824,0.5069285714285714,0.49315663723057435,0.5067857142857143,0.4916561017212621,0.8734821428571429,,
511,0.8850793902171146,0.07789438506988877,0.506625,0.49238019923311943,0.5070714285714286,0.4915238641783774,0.8277142857142857,,
512,0.8888372072691297,0.05915310280259556,0.50725,0.4924256542229191,0.5075,0.4909656770261205,0.8603214285714286,,
513,0.8876646761917244,0.0650594417246233,0.5071071428571429,0.4921083260902205,0.5072857142857143,0.49061449906192045,0.9242857142857143,,
514,0.8836199204733939,0.08502947196748889,0.5071785714285715,0.49242728199411506,0.5074285714285715,0.491044853972992,0.9300535714285715,,
515,0.8755772437155471,0.12301314664677176,0.5063035714285714,0.49186401549200626,0.5073571428571428,0.4913353686159672,0.8645892857142857,,
516,0.8887204983711251,0.05974343018062478,0.5063214285714286,0.49194007438310255,0.5070714285714286,0.4912870334572205,0.903625,,
517,0.8802870785999137,0.101036526162389,0.506,0.49273696676191436,0.5058571428571429,0.4912665274881077,0.8885178571428571,,
518,0.886813148188479,0.06931514104888548,0.5053214285714286,0.4926222705738875,0.5061428571428571,0.4921892471896321,0.9039642857142857,,
519,0.8842644352158122,0.08188819973627304,0.5052321428571429,0.4925861219149225,0.5058571428571429,0.49201785228830264,0.8631428571428571,,
520,0.8835573727738462,0.08533351558401514,0.5052321428571429,0.49152977812545623,0.5058571428571429,0.4906841503907259,0.8384642857142857,,
521,0.8909162464512363,0.04854506106698797,0.50625,0.4920271748330899,0.5061428571428571,0.49054422545139664,0.9006428571428572,,
522,0.8911826939274883,0.04717275606671967,0.50675,0.4924336589283428,0.5053571428571428,0.4897151103674878,0.8951964285714286,,
523,0.8839901024261283,0.08322711124548143,0.5064821428571429,0.49252713956518523,0.5050714285714286,0.4898462423846334,0.8072678571428571,,
524,0.8841548001819494,0.08242361613158411,0.5065892857142857,0.49166388180747844,0.5047857142857143,0.48856388097286113,0.8788571428571429,,
525,0.8831608996627965,0.08725747577147436,0.5068214285714285,0.49108779277499826,0.5052142857142857,0.4878876606958416,0.8983035714285714,,
526,0.8787663547035465,0.10821257981227117,0.5055357142857143,0.49083774147659165,0.5039285714285714,0.48768514790526457,0.9159107142857142,,
527,0.8880476002187584,0.06313650546684935,0.5055535714285714,0.4905224463803151,0.504,0.4874837034042917,0.8978214285714285,,
528,0.8886557570880361,0.060070665710579174,0.5056785714285714,0.4917012128375333,0.504,0.48868332716211116,0.9084464285714285,,
529,0.885497644678191,0.07583508663678029,0.5048928571428571,0.49138083957803114,0.5037142857142857,0.48892814765705683,0.8926964285714286,,
530,0.8862628388423548,0.0720505977034307,0.50525,0.4919898188957209,0.5043571428571428,0.48963464900299697,0.8907142857142857,,
531,0.8860622994753575,0.07304456307926177,0.5046964285714286,0.4907144412912222,0.5041428571428571,0.4887162550940213,0.8888392857142857,,
532,0.8864228708653085,0.0712563088426168,0.5045357142857143,0.49035780766479026,0.5042857142857143,0.48860191741722386,0.91125,,
533,0.8907003524602788,0.04965484082950611,0.5047678571428571,0.4907375196110265,0.5044285714285714,0.48895068886935766,0.9252678571428572,,
534,0.8882523765405553,0.062105816796445,0.5046428571428572,0.49098655047828627,0.5040714285714286,0.48884051422607905,0.9109285714285714,,
535,0.8774190678575657,0.1145056694999913,0.5045892857142857,0.492031368908156,0.5043571428571428,0.4902798297082809,0.8966785714285714,,
536,0.8878724952687929,0.06401654496594955,0.5035892857142857,0.4904375106987208,0.5036428571428572,0.4889426138130587,0.8607678571428572,,
537,0.8872991414313649,0.06688972015460792,0.5028035714285715,0.49008053766787063,0.5021428571428571,0.48777638261636935,0.9161428571428571,,
538,0.8897492995290064,0.05452085399930118,0.5024821428571429,0.4895352764355382,0.5019285714285714,0.4873555719533771,0.9093214285714286,,
539,0.8899441179636381,0.053527080346656764,0.5020714285714286,0.48925542715395964,0.5012857142857143,0.48685476672894523,0.9081785714285714,,
540,0.8889347377749257,0.05865936592808074,0.5024464285714285,0.4893179635427213,0.5015,0.48661868177392487,0.8921428571428571,,
541,0.8903099487250078,0.0516567955599152,0.5017321428571428,0.48974764356257483,0.5013571428571428,0.48802873051158374,0.8307142857142857,,
542,0.8890075133081463,0.05829070100172373,0.5024821428571429,0.4899945467036818,0.5026428571428572,0.48855064196347114,0.8500178571428572,,
543,0.8879786317763723,0.06348326937843374,0.5028392857142857,0.4899891922272853,0.5027142857142857,0.4881733548470951,0.894,,
544,0.8894528329112762,0.05603018975983054,0.5018214285714285,0.4893291465585546,0.5020714285714286,0.487966896794173,0.8950535714285714,,
545,0.883003512660003,0.08801965512738508,0.50175,0.48938768803607297,0.5025,0.4883821412347059,0.8666785714285714,,
546,0.8797650405351387,0.10350876442715573,0.5017678571428571,0.4895894038717435,0.5011428571428571,0.48749047511578014,0.8225357142857143,,
547,0.8863096687457452,0.07181826716929196,0.5043392857142858,0.491135059630362,0.5047857142857143,0.4899869697725535,0.877,,
548,0.8881714449874705,0.06251336198496515,0.5046964285714286,0.49131591446193507,0.5048571428571429,0.4897224141795659,0.904,,
549,0.8868709374242725,0.06902721192765138,0.5054464285714285,0.4921415250327389,0.5048571428571429,0.48983240256344895,0.8533035714285714,,
550,0.8912602692787911,0.04677265935091701,0.5051607142857143,0.491794487389374,0.5045714285714286,0.48955290754633474,0.9267857142857143,,
551,0.8875838189190159,0.06546475174369082,0.5047678571428571,0.49170838792437743,0.5045,0.4898943136450854,0.9255535714285714,,
552,0.88805301208487,0.06310928744429978,0.5041607142857143,0.4912227825406439,0.5042142857142857,0.48973154882449804,0.8735178571428571,,
553,0.8917095475965277,0.04445055420139021,0.5036607142857142,0.4901350848748732,0.5037142857142857,0.4887815630439782,0.9257321428571429,,
554,0.8929722785844767,0.03787845975832349,0.5034107142857143,0.4907130084839621,0.5039285714285714,0.4896662477277207,0.878125,,
555,0.8878560649496601,0.06409905854865383,0.5028392857142857,0.49015735261251214,0.5034285714285714,0.489237015094234,0.8791607142857143,,
556,0.891449180455278,0.045797296209488136,0.5033392857142858,0.4900795242997428,0.5047142857142857,0.48990034371323754,0.8983571428571429,,
557,0.890575394725649,0.05029629418988435,0.5032142857142857,0.4901903103697688,0.5035,0.4887567741638595,0.9121964285714286,,
558,0.8875161534752112,0.06580373997104494,0.5028035714285715,0.49083630924363586,0.5027857142857143,0.48923872317345973,0.9060714285714285,,
559,0.8913608045974563,0.04625377304791578,0.5028392857142857,0.49059090611464684,0.5028571428571429,0.4890978292471383,0.8944107142857143,,
560,0.8926462724756905,0.0395817165997534,0.5029464285714286,0.4904172449762254,0.5025714285714286,0.4883953988872317,0.9230357142857143,,
561,0.8913424866137337,0.04634834785206343,0.5030714285714286,0.49053519524662753,0.5025714285714286,0.48838098082055337,0.8886964285714286,,
562,0.8934712006632786,0.03526292010353815,0.5028214285714285,0.49004928289779504,0.5030714285714286,0.48868594882872707,0.8902857142857142,,
563,0.892066773481451,0.04259817616657413,0.5024821428571429,0.4899690001978973,0.5033571428571428,0.48926670335818023,0.8998214285714285,,
564,0.8864632436938562,0.07105577177904077,0.5024285714285714,0.4900905618253641,0.5020714285714286,0.48802728106760596,0.8683392857142858,,
565,0.8875705419711827,0.06553128023156307,0.5037321428571429,0.4908699419001249,0.5037857142857143,0.4891810806974406,0.8628928571428571,,
566,0.8896446299698548,0.05505414082643734,0.5038571428571429,0.49030343594032316,0.5039285714285714,0.48862735674697727,0.8973214285714286,,
567,0.8896512875040162,0.05502023417900781,0.5043035714285714,0.4901501920451339,0.5029285714285714,0.487048326216269,0.89925,,
568,0.8853245029986684,0.07668835197657287,0.5029285714285714,0.48925771270446916,0.503,0.4875673819720179,0.900375,,
569,0.8884570136995553,0.06107417781416258,0.5024642857142857,0.4890036116686387,0.5021428571428571,0.48697327357044456,0.8425357142857143,,
570,0.8887598386814367,0.05954450279163459,0.5034107142857143,0.48933172445573686,0.5028571428571429,0.48713149557335067,0.9098392857142857,,
571,0.8906874937259401,0.049720879060651146,0.5027678571428571,0.49002675118859085,0.5027142857142857,0.4883122992281771,0.9083214285714286,,
572,0.8891340763797249,0.05764905601249404,0.5034107142857143,0.4906141163222245,0.5041428571428571,0.48986506547073816,0.9239464285714286,,
573,0.8911052255405094,0.04757205130750175,0.5035,0.49039939131391785,0.5037857142857143,0.4892813425616781,0.9000178571428571,,
574,0.889125677136906,0.05769165805361176,0.503125,0.4902255624657541,0.5025714285714286,0.4880862156206849,0.8835,,
575,0.8827761453939692,0.0891191594370262,0.5035535714285714,0.4902282359699591,0.503,0.48804174833986663,0.8805714285714286,,
576,0.8891601408269226,0.05751683579154254,0.5017857142857143,0.4887396202552156,0.5013571428571428,0.48660563992403505,0.8921428571428571,,
577,0.8878884901269744,0.06393620813358325,0.500875,0.48826006309216563,0.5022857142857143,0.48802970802745654,0.8869285714285714,,
578,0.8917049466675697,0.044474377058272285,0.5015178571428571,0.4883461652837232,0.5022857142857143,0.48728826966673233,0.9038035714285715,,
579,0.8903701025107715,0.05134874007839896,0.5014821428571429,0.4883606379429276,0.5022857142857143,0.4873406743419967,0.8931071428571429,,
580,0.8847826919199144,0.07935124452994224,0.5018392857142857,0.48887497951254233,0.5022857142857143,0.48742596754745343,0.8843571428571428,,
581,0.8909943111699896,0.04814330331198713,0.501625,0.4886509739739256,0.502,0.48721936765215884,0.8993035714285714,,
582,0.8818896479276122,0.09338850969510504,0.5023392857142858,0.4893447695793046,0.5033571428571428,0.4886714109582509,0.8592857142857143,,
583,0.8856969391025511,0.07485154519089643,0.5030535714285714,0.48892500382670223,0.5034285714285714,0.4877915116536469,0.858625,,
584,0.880792590317971,0.09863365943497349,0.5026428571428572,0.48780487958194413,0.5032857142857143,0.4868010612990257,0.8718571428571429,,
585,0.8820388701611077,0.0926718069384802,0.5046071428571428,0.48931220472792425,0.5047142857142857,0.4879393491326649,0.8367678571428572,,
586,0.8860734411036353,0.0729893800591932,0.50475,0.4900179468307715,0.5054285714285714,0.4890518883784484,0.8538035714285714,,
587,0.8870597000143989,0.0680858260712125,0.5043214285714286,0.4897366603633196,0.5047142857142857,0.48854320538457313,0.8895535714285714,,
588,0.8893602369777271,0.05650087671263204,0.5039464285714286,0.4895339767169321,0.5032857142857143,0.4871477181748074,0.889625,,
589,0.8884435745211747,0.06114197960394607,0.5049821428571428,0.49057373311309715,0.5044285714285714,0.4884474864569189,0.9130892857142857,,
590,0.8881510359177777,0.06261609476865448,0.5043214285714286,0.4913315490876495,0.5047857142857143,0.49035567916806766,0.8851071428571429,,
591,0.8885219778844236,0.06074632725283036,0.5034107142857143,0.49129192223383444,0.504,0.49105530624972865,0.8892142857142857,,
592,0.8793931810832958,0.10526414948397966,0.5038928571428571,0.49119288003160816,0.5039285714285714,0.49005179302359236,0.8553392857142857,,
593,0.8912335345249842,0.046910572769708336,0.5044107142857143,0.4909742499595513,0.5050714285714286,0.4902782218223137,0.9281607142857143,,
594,0.8875352260438427,0.06570820883982953,0.5037321428571429,0.4904017053777996,0.5046428571428572,0.48993324070897204,0.8735892857142857,,
595,0.8892226124284606,0.05719981784201367,0.5025178571428571,0.4895207893120846,0.5045,0.490080637553887,0.908875,,
596,0.8919302930602514,0.04330652407572266,0.5029107142857143,0.4901088764630684,0.504,0.48972076657975894,0.9022678571428572,,
597,0.8909799395445832,0.04821728541512993,0.5031428571428571,0.4902875123470299,0.5047857142857143,0.4905980138763006,0.9257142857142857,,
598,0.8891497178778888,0.05756971278989553,0.5030892857142857,0.4902125267532954,0.5044285714285714,0.4901835111650364,0.8986964285714286,,
599,0.8917975914717333,0.04399450601298205,0.5035714285714286,0.49054987001364647,0.505,0.49060134123021176,0.9216964285714285,,
600,0.8908770930413068,0.04874646792631343,0.5036964285714286,0.4904411509896365,0.5056428571428572,0.4909833930644393,0.8987678571428571,,
